14370:
303969
4584:
131133
8619:
70513
270264
2173557
1390954
740199
1993756
1661655
2002269
2255453
6085:
477388
835847
1685089
1163050
1670964
71393
1292631
525597
448460
15389:
1882992
191869
5561:
477388
396567
788769
1733406
470500
875206
835847
1475790
632346
43177
1328708
129580
2240060
1346908
64120
649184
1993756
1584227
672801
2388442
161013
2063452
1615800
1027109
772490
155233
1434685
1583627
2573007
2511730
1578122
2042206
13352:
1264313
12003:
988670
1363756
1372847
338887
470500
2071995
66921
1061110
2260838
1566455
688135
1280053
1019536
2237185
764317
1668386
41837
1523902
2533606
2233287
408200
1091882
2624624
315751
114873
1459848
1125171
1077173
1104884
270356
507498
465276
1268289
2197019
651010
1249791
2112235
1503951
13891
1788157
1850328
2109031
1717240
756648
2095910
1347033
828532
1217751
309424
707528
15881:
1902838
6123:
1035378
2462919
2204671
1190829
1730369
1348:
828349
5732:
1815364
988670
2240318
642090
1750785
1052057
1884467
302162
1207158
1475790
646584
2006914
719766
148371
1646878
2636512
1996763
1777896
129580
81335
838584
399313
1717654
491739
1962176
1182550
2210909
760021
64120
2599813
95146
651010
1960586
1249791
1753013
2584372
1828424
1503951
515993
1254206
1717240
1283243
2203451
1293893
2527135
695758
419556
7705:
1407325
732775
95146
306569
11890:
1906611
10276:
2245217
424:
741155
887680
135973
2133004
786787
933963
408200
802951
166963
114873
2468095
2634074
639533
161013
1736306
422399
1362341
828532
1765816
2086515
303969
1961675
8539:
732775
1902838
1280149
152441
2204671
162333
1979359
8376:
1468812
649770
1739440
2245217
2209089
10271:
2289265
2280881
1475790
1570077
1212887
95146
912999
226:
1583627
8576:
1358463
1897:
1470255
12962:
2439290
3835:
954973
2584252
450111
1508550
1068765
291443
1346908
507498
2406094
95146
335615
1529449
13102:
2153336
1475738
719481
425245
76839
2529924
155233
270849
10851:
764317
732775
2634074
314057
161013
7055:
69867
1966165
951709
1539341
494167
2436788
262633
2611587
2048686
70513
2623095
582273
530721
2429925
1729740
826896
969239
66921
2415874
1566455
1896825
881702
133000
2061317
1475790
989579
226608
1706302
853488
1024854
2133004
2533606
1371678
2355331
2048500
745235
2336079
2228220
488182
828654
786664
1154588
287595
844207
1361638
2503583
114873
2295307
942920
2420828
848026
965050
1458894
2369453
1920876
301916
980993
1824009
2639627
64120
2634074
676222
2406094
465276
417614
2293827
731685
453033
335615
511883
651010
2108751
1642552
678625
1806913
4783
1584227
76716
1187293
161013
1480781
1539119
1196870
1829617
1661655
757648
2112235
48741
471880
1963327
1726334
1051274
837619
1908103
1254206
1187457
2332965
2596673
493924
469599
2109031
1717240
756648
80652
1186925
490031
1023470
2450940
2609211
1217751
707528
44490
8936:
2503020
1615850
2166586
2156949
13953:
2573207
1312448
2604193
2037:
306466
1035378
133000
1311346
1751912
1972488
511883
322287
2112235
1217751
2554:
308031
1035378
1916224
1574647
2281685
1946021
705594
262068
1212887
491739
825637
507498
803330
48741
1386516
647235
1213114
2315404
2232693
1193595
17603:
1035378
1057508
313419
2281685
562156
336239
1529449
2112235
325073
303969
10680:
1541892
2532958
2627087
2006914
1252103
2112141
411704
315751
311875
2368877
114873
1936252
2634074
465276
335615
377214
314057
1471774
161013
2098423
112546
2573957
1963327
1726334
709485
1389799
490031
724165
2477320
8179:
2184630
7693:
1523902
1390729
958687
858345
17243:
1346908
1084108
2097445
2112235
325073
1785209
5936:
2260838
6972:
1339724
2091892
741155
1089184
1035378
591126
1374073
932590
1711551
1793062
1475738
2118169
722033
333426
2411840
2415874
443193
2598128
2322224
2220239
2395957
764317
1668386
989579
753693
505544
994330
2215763
632346
57186
508799
1523902
134617
220216
33717
708683
2533606
1828365
2006914
719766
23771
1924134
771466
933963
2112141
137035
1448959
2512658
149800
1037660
1717184
166963
1748740
129580
81335
838584
2242977
768176
114873
1459848
1335603
660389
1125171
660649
1379561
848026
1783251
2604897
1470484
2493614
668669
389652
1916428
1824009
1090296
2231719
64120
1523169
2629765
95146
1693441
2173985
862057
1642552
937138
1806913
1333608
76839
2191453
2584372
2628706
1262105
1662652
1797262
2450942
161013
1543655
2167896
1450198
591288
1368151
32041
1908103
267689
2176957
1187457
2023416
1426824
2210312
1730764
1708554
1717240
680622
1602955
2142056
63508
1345254
2565185
490031
1835306
379544
1193260
419556
1484757
309424
44490
559886
16821:
775794
12497:
649770
1539341
550262
477696
518740
1268224
559344
571547
642090
498504
1750785
2329994
1305384
235952
326912
2248500
556780
333426
1502195
998349
667460
2009152
2068263
973009
1757197
651885
2363803
564972
1475790
2257882
1676626
2444710
88047
73865
1706302
1965207
632346
926217
2363081
740831
238439
972630
1853984
2579303
1526115
344495
577926
1585261
2038707
740562
771466
155228
1645203
865622
1183359
2643575
425245
562156
1446984
131133
2510140
2620782
325489
101789
2638341
1902838
1022898
297896
836791
2536673
101807
1633211
1125171
1911955
420870
1005032
1774687
2606685
1797525
2210909
513398
318734
1739440
1509250
2406602
1993633
2543334
1262193
2247667
57843
87118
2569890
1089649
903437
2468549
1651302
1490594
2426167
2241988
2245217
2529924
2522148
459702
372888
905467
1532096
1937631
2468774
2087132
444798
630139
1450198
1715766
970244
591288
778594
837619
2280030
1908103
1521914
543596
1398427
1924771
2439633
1903580
2023416
277231
1924867
8660
2467594
459972
440166
1428225
2446724
974375
2243696
1195125
391698
2042756
1146038
783984
1939066
802939
2565185
996485
2105516
1770403
1023470
755915
1774409
724165
1910387
2477320
2086515
262952
2374977
692831
188613
638258
1144773
2042206
1193595
12274:
740562
2114455
2512235
662:
603277
2537412
308031
2048686
1694142
1783202
1243805
443193
688135
764317
41837
2006914
1328708
2503583
2462919
291443
2606685
1820824
825637
1824009
64120
1523169
2634074
2406094
941011
1693441
618551
335615
651010
1089649
2307
2204671
1196870
1484157
525597
25375
1908103
1069088
267689
430011
772490
341330
204154
944944
1785209
981423
2322752
982594
356103
1217751
11707:
1188167
683169
1902838
1592266
2325440
4474:
1791344
1374073
1019536
1311346
532653
1739440
64120
1268289
2279562
2631187
267689
2166586
535765
1491070
2311867
1186925
1424169
10608:
902007
2527376
771466
746834
1405941
1850992
207956
731685
1358463
145916
2298769
141034
1213114
1918794
1424169
512278
4847:
1966165
68845
649770
1539341
1192830
122188
1771818
662340
1587373
1749615
308031
31764
1228442
1035378
1301339
582273
1538923
1401150
1711551
1294445
2619718
1305384
113767
2135038
2183559
326576
2280881
2168639
1930719
2118169
722033
2270528
875206
1973573
2411840
1884467
443193
2440924
420703
685130
2038901
928256
1896825
1019536
2638666
1576991
786695
1475790
989579
226608
2587206
1855545
797174
1265459
928376
220369
2129374
1934347
1207489
1616563
853488
647249
182682
1534723
646584
355883
1226628
972630
1060719
2375482
1911981
2533606
284672
1276047
1371678
643505
23771
914140
1399502
2247658
398488
2228220
1229114
69801
458414
786664
2643785
1196712
2568738
1872236
1328708
1825484
300026
1037660
1900382
533250
1154588
131133
320314
738819
844207
2123994
859713
2395978
1478655
124961
1272375
487690
114873
109541
1084137
2010641
291443
1234576
2506228
2092891
503178
2450896
4315
2223604
2333148
824722
1774687
2559608
2275040
2493614
2536547
1207822
1476458
1458894
2369453
975522
1998128
1916428
2008457
1824009
1363213
172439
2639627
1607555
2230528
64120
1523169
604758
978075
676222
44230
465276
52624
1485013
1693441
685247
1268289
708596
1195392
2050911
335615
2005053
245371
87118
215078
803330
2457319
1089649
391271
1601140
144717
2245217
2103314
1575030
352609
1828424
2529924
778809
1388677
566471
759289
2388442
1065978
1038737
2117724
357448
511847
2041999
161013
809880
2583431
1340801
2596404
1480781
1826257
1539119
2019388
1196870
256358
859577
2331642
2511536
591288
1998465
1631197
837619
515993
1908103
40045
2111857
1336119
1055593
398661
1187457
2023416
1687535
1640747
1609651
752369
436563
868919
1392293
2103039
1708554
141370
1095309
1724933
2187764
2323444
766680
680622
810447
52321
1029804
2095910
2507046
1195125
1910918
2520506
1398256
1447743
1939066
699937
1281478
2607018
403431
2634348
955571
1536769
565161
423361
2322752
1023470
596929
1685327
1460561
2184274
1205772
2346240
50279
2609211
336899
1191135
2015025
1408298
695758
1899429
122587
2511730
1578122
44490
15674:
477388
617164
988670
603277
581766
2091892
991859
1991972
2313903
308031
982864
1486874
2367546
1685846
1716677
230300
1538923
642090
767615
1951346
1694142
204439
319802
960733
1230129
1510334
1570077
1057750
2075901
1612033
495324
1476398
2112141
767958
1091882
1451807
149800
2360393
743636
1345921
2123994
838584
2391616
114873
1084137
1641025
1546259
1499090
965050
1470484
2493614
668669
2509302
1739440
1523169
572230
2629765
33793
980987
564225
335615
651010
245371
393367
2052325
307375
545026
1635121
1657921
212846
644088
1797262
1986776
161013
1480781
1744970
2490222
2167896
1196870
633086
2112235
1503951
1092280
591288
2011196
837619
1908103
260231
1187457
1788157
1245571
844408
1708554
2165975
28966
1602955
1215484
1195492
2263982
1477400
2186857
1149109
1625075
695758
145278
1254804
707528
15358:
644476
1606745
1452454
2075923
1551018
2184630
752642
11283:
297896
191869
6632:
1661229
1749615
494609
2220239
2638666
764317
1252103
2112141
408200
1223273
114873
2493614
1739440
1268289
1503951
341330
191869
2573007
15440:
477388
2349833
2289265
1679534
2619718
443193
1566455
688135
835847
764317
2597191
638759
764785
2533606
1237493
116092
2422250
1451807
71393
2291851
81335
3998
732775
2242977
297896
511942
503178
2634074
2629765
95146
749774
335615
1753013
759289
416560
161013
10268
2112235
1503951
260231
325073
1130100
1772362
1602955
2095910
2263982
707873
2016775
1785209
1583627
2329800
1578122
2323358
8783:
1151443
4081:
2462919
2204671
1190829
237263
1263:
1084108
7219:
486399
1570077
1972488
16128:
1278813
1966165
2338545
2583660
988670
2240318
63170
1302277
2535052
676175
1458847
805106
2050555
2547935
2540934
121561
122188
1059144
1792108
86256
2503255
1771818
371312
2577902
1526259
3786
1749615
1658616
2343718
308031
31764
1228442
1704675
2367546
2275548
1685846
2401963
2033225
1716677
472838
2632205
2623095
530721
1538923
371072
1629803
2289265
45955
1367078
752568
2135976
932590
963677
2087623
470500
824828
2208697
2013700
1578203
1694142
933519
23024
1750785
1128664
41724
1799995
1764421
279808
326576
969720
1930719
1783202
663808
1501738
2545343
1004124
722033
875206
2019852
710933
1622983
1243805
790331
1313797
670855
133059
2411840
512117
2103778
1098790
443193
939062
269358
685130
2424168
928256
688135
157326
1019536
653025
2133486
155728
2363803
1576991
1358071
564972
1059264
1135893
1031385
1112698
904283
2052412
407828
96539
1628310
226608
2587206
940641
2261975
1606562
877177
1593823
2129374
674829
1207489
2495649
1701432
2628776
2519268
632346
1292001
1124099
1918629
1955514
2363081
182682
1806112
142538
1552467
328212
646584
2549780
2496884
2537719
842412
600244
2178025
2207520
1691161
250643
972630
1060719
2375482
2579303
1311346
33717
2533606
344495
116092
287787
2087355
539985
1433547
1103506
760078
2399225
1162050
1705640
2355331
1957554
609417
1065330
1243711
23771
1227300
73989
1284636
673918
801720
1414501
398488
2211750
2517669
1229114
836338
1803105
95133
2294808
613682
1239121
1308236
488182
222093
716802
735560
753485
786664
1828490
929769
1196712
2112141
880285
767958
450111
2568738
1872236
1695874
927264
2436726
1451807
1693603
1004652
116699
1612106
111701
161740
1346708
803137
2061392
2354051
1151638
1068765
456768
1154588
272544
1708546
990807
743636
123576
2624624
746834
320314
250565
394664
152526
2511112
738819
2620782
1470710
1202529
2226276
325489
2094929
2391616
768176
2125944
124961
1848916
2640009
1272375
1539072
262807
487690
2352824
1324746
808143
1563783
7911
511942
2598979
830932
175631
1084137
1198150
1514578
2180854
2512503
660389
2536673
2491634
2210163
1742230
1288207
436682
291443
118589
2570937
1234576
2240060
1037138
1704373
284270
660649
1782533
1234968
1379561
2262890
1111061
2519710
2223604
2333148
824722
1774687
2559608
1962176
211331
2571430
2160482
301916
825637
1425744
1824009
412604
1330147
1793408
797234
1315344
1791
1994184
37868
1661084
2639627
1607555
1813774
863873
984439
2500432
486215
1090296
1576694
2057287
117874
760021
1070508
293460
966148
1654704
2231719
64120
704345
496831
1757370
1523169
2001318
450310
604758
507498
2599813
2629765
671869
430320
2535971
1110879
95146
52624
119603
941011
529889
1693441
185193
1210270
685247
649184
536455
1268289
1682587
214501
1867719
731685
2050911
1384545
1899931
1262193
1278864
152441
651010
555201
2108751
57843
329670
1833470
713987
2052325
803330
1763136
586802
2537580
504624
32141
903437
2468549
1227734
1333608
1369895
1082332
2391770
2191453
212846
64765
1753013
1575030
2529924
2081977
638564
1777163
377214
2628706
1450159
2246863
2185704
1594267
2241744
1827010
912717
2536722
2321706
2461847
759289
2388442
416560
1800528
2432205
76716
691226
2117724
357448
1187293
283890
1937631
1845630
2550406
2041999
1774783
1250364
1183079
2525255
71551
1883016
1340801
186438
980189
2596404
495581
921312
191275
2490222
292049
1902604
263571
2107002
1196870
1615800
633086
2244866
1158810
1874883
256358
596895
1715766
757648
2309376
654724
1503951
2370729
478573
1650617
1889770
2460580
2073795
1304938
1051274
25375
1055592
2556405
954096
1944937
515993
1908103
1562778
267689
1336119
1706218
871082
1055593
398661
1903580
1687535
1071582
1633320
2157202
1989080
1367589
2332965
697534
2005911
2413899
1609651
1537478
2166586
436563
2596673
1235437
1983994
1392293
469599
2610029
114576
1059166
1019664
2554525
1650804
235879
1095309
59000
2412687
325698
2500184
1105282
2156404
374238
1460244
40887
2572649
290588
2323444
1581258
1261474
658081
1602955
52321
1743850
2095910
1906611
1918794
1043112
1215484
1283243
1500017
1709332
1583769
1927507
1532527
391698
1160597
693675
1647974
1910918
1447743
1799643
1043587
2284739
820670
1192119
960741
1950312
2217357
2308798
2311867
381979
996485
313540
1477400
1520998
414180
1249990
1835511
2136967
1588949
209494
1216669
264990
2520431
2344962
403431
1183266
2205615
2225832
1536769
565161
470977
2322752
2646797
2589468
1043061
230729
50279
152858
2203451
2297954
1153750
1072251
2640922
1217874
1191135
2631263
2015025
1408298
2514634
1068294
1085309
2573007
2527135
991798
1620263
1080866
1606261
615884
2374977
315602
1204453
830716
1134623
270849
2621381
419556
1899429
1134783
1217751
2232693
1049071
2218246
1772489
2285743
2580484
784112
12730:
1998117
566325
2599732
2038707
1312448
423527
752642
1830265
2418823
14632:
1945809
1305384
600244
1371678
1762633
1201979
10510:
308031
114873
74441
1730369
16650:
675616
14497:
821005
1384545
7180:
1452454
298961
1845677
767958
302304
732775
1203925
2295307
491739
1607555
95146
280207
525597
341330
1955724
1785209
152858
178448
1603751
15113:
1222337
